3.700034484863281250e+02 1.860588073730468750e+01 3.553309020996093750e+02 3.685224914550781250e+02 1.725202789306640625e+02 2.377964782714843750e+02 2.801758117675781250e+02
3.721917419433593750e+02 2.118145179748535156e+01 3.575733032226562500e+02 3.711174621582031250e+02 1.743756103515625000e+02 2.402772064208984375e+02 2.828746032714843750e+02
3.723834838867187500e+02 2.152394294738769531e+01 3.581055908203125000e+02 3.715419921875000000e+02 1.743965606689453125e+02 2.407864685058593750e+02 2.832592163085937500e+02
3.712370605468750000e+02 2.006436729431152344e+01 3.566405639648437500e+02 3.700114440917968750e+02 1.735406951904296875e+02 2.392301025390625000e+02 2.817129516601562500e+02
3.728153991699218750e+02 2.193234443664550781e+01 3.582676086425781250e+02 3.718786315917968750e+02 1.748645324707031250e+02 2.410127105712890625e+02 2.836423034667968750e+02
3.734341735839843750e+02 2.268888282775878906e+01 3.589545898437500000e+02 3.726386413574218750e+02 1.753795013427734375e+02 2.417616119384765625e+02 2.844275207519531250e+02
3.731240234375000000e+02 2.224922943115234375e+01 3.584685058593750000e+02 3.721611328125000000e+02 1.751539611816406250e+02 2.412333221435546875e+02 2.839360656738281250e+02
3.719873352050781250e+02 2.084663772583007812e+01 3.571145935058593750e+02 3.707149658203125000e+02 1.743069610595703125e+02 2.398120880126953125e+02 2.824904785156250000e+02
3.717221374511718750e+02 2.052927780151367188e+01 3.568279113769531250e+02 3.703930664062500000e+02 1.740757598876953125e+02 2.394940338134765625e+02 2.821522521972656250e+02
3.714216918945312500e+02 2.014627647399902344e+01 3.564213867187500000e+02 3.699815979003906250e+02 1.738677215576171875e+02 2.390720520019531250e+02 2.817441711425781250e+02
3.716950988769531250e+02 2.047713470458984375e+01 3.567218627929687500e+02 3.703205566406250000e+02 1.740965270996093750e+02 2.394059753417968750e+02 2.820976867675781250e+02
3.713037414550781250e+02 2.005034828186035156e+01 3.564282531738281250e+02 3.699225463867187500e+02 1.737191772460937500e+02 2.390583496093750000e+02 2.816664428710937500e+02
3.705616760253906250e+02 1.920953750610351562e+01 3.557597045898437500e+02 3.690998229980468750e+02 1.730515747070312500e+02 2.382987518310546875e+02 2.807951354980468750e+02
3.707135620117187500e+02 1.943317604064941406e+01 3.560426025390625000e+02 3.693627929687500000e+02 1.731252899169921875e+02 2.385910644531250000e+02 2.810509338378906250e+02
3.703613281250000000e+02 1.905706596374511719e+01 3.557644042968750000e+02 3.690060729980468750e+02 1.728150329589843750e+02 2.382895812988281250e+02 2.806844787597656250e+02
3.704808349609375000e+02 1.921541595458984375e+01 3.559543151855468750e+02 3.691832885742187500e+02 1.728773345947265625e+02 2.384745635986328125e+02 2.808504638671875000e+02
3.710164184570312500e+02 1.989138603210449219e+01 3.566469421386718750e+02 3.699012756347656250e+02 1.732561950683593750e+02 2.391983337402343750e+02 2.815648193359375000e+02
3.706885986328125000e+02 1.937990760803222656e+01 3.559299316406250000e+02 3.692860717773437500e+02 1.731566772460937500e+02 2.384985504150390625e+02 2.809955139160156250e+02
3.712294311523437500e+02 2.015352439880371094e+01 3.568957824707031250e+02 3.701719055175781250e+02 1.734194335937500000e+02 2.394653320312500000e+02 2.818394470214843750e+02
3.715700988769531250e+02 2.056456947326660156e+01 3.572661743164062500e+02 3.705894775390625000e+02 1.736969146728515625e+02 2.398701171875000000e+02 2.822690429687500000e+02
3.707862548828125000e+02 1.956324768066406250e+01 3.562278747558593750e+02 3.695245361328125000e+02 1.731376495361328125e+02 2.387835693359375000e+02 2.812059020996093750e+02
3.700392761230468750e+02 1.867053222656250000e+01 3.553898925781250000e+02 3.686029357910156250e+02 1.725593719482421875e+02 2.378928222656250000e+02 2.802748413085937500e+02
3.700816650390625000e+02 1.873171806335449219e+01 3.555050659179687500e+02 3.686840209960937500e+02 1.725603942871093750e+02 2.379866333007812500e+02 2.803380432128906250e+02
3.705848999023437500e+02 1.927684783935546875e+01 3.558953552246093750e+02 3.692005920410156250e+02 1.730155181884765625e+02 2.384298706054687500e+02 2.808816223144531250e+02
3.699984130859375000e+02 1.856403541564941406e+01 3.552005920410156250e+02 3.684506835937500000e+02 1.725771026611328125e+02 2.376925201416015625e+02 2.801268615722656250e+02
3.691789550781250000e+02 1.764105796813964844e+01 3.544555664062500000e+02 3.675306701660156250e+02 1.718353118896484375e+02 2.368363952636718750e+02 2.791458435058593750e+02
3.693779907226562500e+02 1.782456970214843750e+01 3.545180969238281250e+02 3.676772460937500000e+02 1.720687713623046875e+02 2.369335479736328125e+02 2.793218078613281250e+02
3.691420898437500000e+02 1.756088638305664062e+01 3.543003845214843750e+02 3.674135437011718750e+02 1.718643951416015625e+02 2.366914367675781250e+02 2.790464782714843750e+02
3.696034851074218750e+02 1.812200736999511719e+01 3.548813171386718750e+02 3.680182189941406250e+02 1.721845245361328125e+02 2.372921447753906250e+02 2.796436462402343750e+02
3.697361755371093750e+02 1.818195724487304688e+01 3.546816711425781250e+02 3.679837036132812500e+02 1.724786224365234375e+02 2.371740112304687500e+02 2.796873168945312500e+02
3.689041748046875000e+02 1.721729087829589844e+01 3.537839965820312500e+02 3.669761962890625000e+02 1.718006591796875000e+02 2.361993255615234375e+02 2.786504211425781250e+02
3.685597534179687500e+02 1.686942481994628906e+01 3.535740966796875000e+02 3.666631469726562500e+02 1.714683380126953125e+02 2.359560852050781250e+02 2.783161621093750000e+02
3.684143676757812500e+02 1.667285728454589844e+01 3.532836303710937500e+02 3.664144592285156250e+02 1.714194030761718750e+02 2.356831970214843750e+02 2.780922851562500000e+02
3.690342102050781250e+02 1.737855148315429688e+01 3.539314880371093750e+02 3.671514587402343750e+02 1.719163970947265625e+02 2.363795776367187500e+02 2.788432922363281250e+02
3.699979553222656250e+02 1.841548347473144531e+01 3.546332397460937500e+02 3.681238098144531250e+02 1.728750610351562500e+02 2.372378387451171875e+02 2.799202880859375000e+02
3.697850036621093750e+02 1.819886589050292969e+01 3.545132446289062500e+02 3.679357299804687500e+02 1.726752624511718750e+02 2.370989837646484375e+02 2.797216796875000000e+02
3.710677795410156250e+02 1.972596549987792969e+01 3.559656066894531250e+02 3.695298156738281250e+02 1.736560211181640625e+02 2.386459197998046875e+02 2.813316955566406250e+02
3.703785705566406250e+02 1.896538352966308594e+01 3.553839416503906250e+02 3.687984619140625000e+02 1.730599365234375000e+02 2.380066070556640625e+02 2.805770568847656250e+02
3.701142578125000000e+02 1.861074638366699219e+01 3.549384460449218750e+02 3.683847961425781250e+02 1.729415130615234375e+02 2.375710601806640625e+02 2.801923828125000000e+02
3.710127563476562500e+02 1.968694686889648438e+01 3.559530639648437500e+02 3.695046691894531250e+02 1.736472320556640625e+02 2.386655120849609375e+02 2.813349304199218750e+02
3.707666931152343750e+02 1.943169593811035156e+01 3.557754211425781250e+02 3.692702331542968750e+02 1.734341125488281250e+02 2.384816741943359375e+02 2.811002197265625000e+02
3.712797851562500000e+02 2.006498146057128906e+01 3.563752136230468750e+02 3.699272155761718750e+02 1.738602447509765625e+02 2.391476135253906250e+02 2.817875976562500000e+02
3.710101623535156250e+02 1.963176345825195312e+01 3.557097167968750000e+02 3.693748168945312500e+02 1.738028564453125000e+02 2.384992370605468750e+02 2.812778015136718750e+02
3.709625549316406250e+02 1.959308242797851562e+01 3.556940612792968750e+02 3.693480834960937500e+02 1.737381134033203125e+02 2.384804534912109375e+02 2.812434997558593750e+02
3.712255249023437500e+02 1.985706520080566406e+01 3.558810424804687500e+02 3.695884399414062500e+02 1.739512329101562500e+02 2.386590118408203125e+02 2.814727478027343750e+02
3.714966735839843750e+02 2.020287704467773438e+01 3.562434997558593750e+02 3.699623107910156250e+02 1.741632080078125000e+02 2.390512237548828125e+02 2.818580932617187500e+02
3.607824401855468750e+02 9.101469039916992188e+00 3.471681213378906250e+02 3.584308166503906250e+02 1.646606597900390625e+02 2.287905578613281250e+02 2.697018127441406250e+02
3.242561035156250000e+02 2.286553649902343750e+02 1.474963531494140625e+02 1.915964965820312500e+02 2.529413604736328125e+02 7.400967597961425781e+00 1.317927398681640625e+02
3.243238830566406250e+02 2.299299011230468750e+02 1.460303344726562500e+02 1.907830047607421875e+02 2.540564575195312500e+02 8.451627731323242188e+00 1.319454956054687500e+02
3.236066284179687500e+02 2.334094238281250000e+02 1.414533996582031250e+02 1.876898345947265625e+02 2.567536926269531250e+02 1.189690208435058594e+01 1.318408966064453125e+02
3.244658813476562500e+02 2.377611541748046875e+02 1.358073883056640625e+02 1.853372039794921875e+02 2.611211547851562500e+02 1.742574310302734375e+01 1.335027618408203125e+02
3.249319458007812500e+02 2.404832000732421875e+02 1.323197937011718750e+02 1.838472290039062500e+02 2.637757568359375000e+02 2.087322425842285156e+01 1.345205688476562500e+02
3.235330505371093750e+02 2.333291320800781250e+02 1.411973876953125000e+02 1.876061401367187500e+02 2.567662658691406250e+02 1.204340267181396484e+01 1.319454193115234375e+02
3.235503540039062500e+02 2.312366333007812500e+02 1.436899414062500000e+02 1.890744476318359375e+02 2.549967041015625000e+02 9.800179481506347656e+00 1.317377929687500000e+02
3.283090820312500000e+02 2.430004577636718750e+02 1.254974822998046875e+02 1.847143249511718750e+02 2.692189025878906250e+02 2.818726730346679688e+01 1.406947631835937500e+02
3.287051696777343750e+02 2.486156768798828125e+02 1.197267913818359375e+02 1.816029052734375000e+02 2.737798156738281250e+02 3.368920898437500000e+01 1.416883544921875000e+02
3.250649414062500000e+02 2.329407196044921875e+02 1.411340484619140625e+02 1.890877227783203125e+02 2.575376892089843750e+02 1.271805381774902344e+01 1.336994171142578125e+02
3.370598449707031250e+02 2.707998657226562500e+02 8.769631958007812500e+01 1.767382659912109375e+02 2.984962463378906250e+02 6.644732666015625000e+01 1.605789794921875000e+02
3.396530151367187500e+02 2.888579406738281250e+02 6.810296630859375000e+01 1.706120147705078125e+02 3.136546936035156250e+02 8.542279815673828125e+01 1.687443237304687500e+02
3.377575378417968750e+02 2.759860534667968750e+02 8.446447753906250000e+01 1.748141021728515625e+02 3.020765380859375000e+02 6.953699493408203125e+01 1.609640502929687500e+02
3.468972473144531250e+02 3.015374145507812500e+02 5.367886352539062500e+01 1.732500762939453125e+02 3.274097290039062500e+02 1.011021347045898438e+02 1.810247802734375000e+02
3.624915466308593750e+02 3.376746215820312500e+02 1.809975433349609375e+01 1.792204284667968750e+02 3.627322387695312500e+02 1.435285797119140625e+02 2.118447723388671875e+02
3.791867370605468750e+02 3.635947265625000000e+02 2.841099166870117188e+01 1.923814697265625000e+02 3.896078796386718750e+02 1.733237152099609375e+02 2.375688629150390625e+02
3.831758728027343750e+02 3.665808715820312500e+02 3.276337432861328125e+01 1.964967193603515625e+02 3.936997985839843750e+02 1.773105163574218750e+02 2.423012847900390625e+02
3.830619201660156250e+02 3.663034362792968750e+02 3.257659530639648438e+01 1.964548950195312500e+02 3.934640197753906250e+02 1.770626068115234375e+02 2.421362762451171875e+02
3.847812805175781250e+02 3.677825622558593750e+02 3.452291107177734375e+01 1.981198730468750000e+02 3.953191223144531250e+02 1.788570861816406250e+02 2.441362457275390625e+02
3.837788696289062500e+02 3.667509765625000000e+02 3.335926055908203125e+01 1.972592926025390625e+02 3.941514587402343750e+02 1.777605590820312500e+02 2.430122985839843750e+02
3.823916015625000000e+02 3.651353759765625000e+02 3.164340019226074219e+01 1.960380859375000000e+02 3.923702697753906250e+02 1.759519042968750000e+02 2.412599029541015625e+02
3.848724060058593750e+02 3.679173583984375000e+02 3.464618301391601562e+01 1.981829223632812500e+02 3.954558105468750000e+02 1.789968414306640625e+02 2.442548828125000000e+02
3.846059875488281250e+02 3.675019836425781250e+02 3.428010177612304688e+01 1.979958953857421875e+02 3.950443420410156250e+02 1.785728607177734375e+02 2.439001007080078125e+02
3.848647460937500000e+02 3.677201843261718750e+02 3.457150268554687500e+01 1.982557525634765625e+02 3.953145141601562500e+02 1.788352966308593750e+02 2.441970520019531250e+02
3.849154663085937500e+02 3.677057189941406250e+02 3.460728836059570312e+01 1.983244018554687500e+02 3.953287048339843750e+02 1.788358306884765625e+02 2.442357330322265625e+02
3.861827697753906250e+02 3.689045410156250000e+02 3.607211303710937500e+01 1.994847106933593750e+02 3.967633361816406250e+02 1.802119598388671875e+02 2.457007598876953125e+02
3.862673339843750000e+02 3.691661376953125000e+02 3.623476028442382812e+01 1.995103607177734375e+02 3.969758300781250000e+02 1.804516906738281250e+02 2.458508300781250000e+02
3.863121643066406250e+02 3.692791442871093750e+02 3.633341979980468750e+01 1.995632934570312500e+02 3.970883483886718750e+02 1.806115264892578125e+02 2.459770507812500000e+02
3.853416748046875000e+02 3.681927795410156250e+02 3.513313674926757812e+01 1.986882171630859375e+02 3.958739624023437500e+02 1.793800964355468750e+02 2.447640838623046875e+02
3.853835449218750000e+02 3.683835144042968750e+02 3.522248077392578125e+01 1.986520385742187500e+02 3.960126647949218750e+02 1.795150604248046875e+02 2.448196258544921875e+02
3.858824768066406250e+02 3.687970275878906250e+02 3.579163742065429688e+01 1.991535797119140625e+02 3.965461425781250000e+02 1.800414733886718750e+02 2.454139709472656250e+02
3.860712280273437500e+02 3.689331054687500000e+02 3.599510955810546875e+01 1.993452758789062500e+02 3.967292480468750000e+02 1.802114562988281250e+02 2.456212615966796875e+02
3.853960266113281250e+02 3.684468078613281250e+02 3.526903152465820312e+01 1.986750335693359375e+02 3.960729675292968750e+02 1.796078796386718750e+02 2.448892211914062500e+02
3.854797058105468750e+02 3.682136535644531250e+02 3.525554656982421875e+01 1.988464202880859375e+02 3.959628295898437500e+02 1.794450225830078125e+02 2.448971099853515625e+02
3.852827453613281250e+02 3.681402893066406250e+02 3.506986236572265625e+01 1.986353759765625000e+02 3.958164672851562500e+02 1.793294525146484375e+02 2.447083892822265625e+02
2.094389801025390625e+02 3.601688842773437500e+02 1.859633789062500000e+02 2.277843475341796875e+01 2.978342590332031250e+02 1.979450836181640625e+02 1.218528900146484375e+02
2.231159362792968750e+02 4.006330871582031250e+02 1.973368835449218750e+02 5.086129379272460938e+01 3.385035095214843750e+02 2.370887756347656250e+02 1.685703887939453125e+02
2.244645843505859375e+02 4.028831176757812500e+02 1.982431488037109375e+02 5.309778213500976562e+01 3.407719421386718750e+02 2.391079101562500000e+02 1.708682403564453125e+02
2.249688110351562500e+02 4.031635437011718750e+02 1.980390625000000000e+02 5.333439254760742188e+01 3.412169494628906250e+02 2.392287292480468750e+02 1.712268676757812500e+02
2.168822479248046875e+02 3.839069824218750000e+02 1.901032867431640625e+02 3.443069076538085938e+01 3.222101135253906250e+02 2.204350585937500000e+02 1.500493927001953125e+02
2.266394653320312500e+02 4.066747741699218750e+02 1.999138488769531250e+02 5.695720291137695312e+01 3.446079711914062500e+02 2.426715698242187500e+02 1.749096221923828125e+02
2.210451507568359375e+02 3.936174621582031250e+02 1.931533508300781250e+02 4.361681365966796875e+01 3.321336669921875000e+02 2.297999420166015625e+02 1.611980133056640625e+02
2.263172302246093750e+02 4.065728759765625000e+02 2.001166076660156250e+02 5.689363861083984375e+01 3.443950195312500000e+02 2.426978302001953125e+02 1.747834320068359375e+02
2.261340484619140625e+02 4.066744079589843750e+02 2.003263702392578125e+02 5.702740859985351562e+01 3.444031677246093750e+02 2.428951416015625000e+02 1.748908538818359375e+02
2.259057159423828125e+02 4.057049865722656250e+02 1.996016387939453125e+02 5.600068664550781250e+01 3.435808410644531250e+02 2.418566894531250000e+02 1.739244232177734375e+02
2.266587524414062500e+02 4.069971008300781250e+02 2.001639556884765625e+02 5.731104660034179688e+01 3.448736877441406250e+02 2.430505676269531250e+02 1.752692565917968750e+02
2.267185058593750000e+02 4.073585815429687500e+02 2.004680786132812500e+02 5.771424865722656250e+01 3.451886596679687500e+02 2.434855346679687500e+02 1.756781768798828125e+02
2.266440429687500000e+02 4.070986328125000000e+02 2.003124389648437500e+02 5.743661117553710938e+01 3.449477844238281250e+02 2.432037048339843750e+02 1.753831939697265625e+02
2.261390991210937500e+02 4.054454345703125000e+02 1.991158294677734375e+02 5.570260238647460938e+01 3.435127563476562500e+02 2.414873352050781250e+02 1.737670440673828125e+02
2.057597961425781250e+02 3.964136657714843750e+02 2.082568359375000000e+02 5.228148269653320312e+01 3.290057678222656250e+02 2.413490905761718750e+02 1.660867614746093750e+02
2.213919067382812500e+02 4.029218750000000000e+02 2.006917419433593750e+02 5.382063674926757812e+01 3.397932434082031250e+02 2.408149871826171875e+02 1.713756408691406250e+02
2.184872589111328125e+02 4.022415161132812500e+02 2.024534149169921875e+02 5.385308074951171875e+01 3.382455444335937500e+02 2.415453948974609375e+02 1.710024414062500000e+02
2.242663726806640625e+02 4.032627868652343750e+02 1.985861816406250000e+02 5.358533477783203125e+01 3.411145935058593750e+02 2.397509460449218750e+02 1.715483398437500000e+02
2.245198211669921875e+02 4.033807983398437500e+02 1.984936218261718750e+02 5.367280960083007812e+01 3.413012390136718750e+02 2.397703704833984375e+02 1.716614990234375000e+02
2.249404144287109375e+02 4.046701660156250000e+02 1.993925781250000000e+02 5.502033996582031250e+01 3.424304504394531250e+02 2.410902252197265625e+02 1.729173583984375000e+02
2.251540985107421875e+02 4.049943542480468750e+02 1.995615692138671875e+02 5.534141921997070312e+01 3.427466735839843750e+02 2.413704833984375000e+02 1.732108764648437500e+02
2.255356292724609375e+02 4.053960876464843750e+02 1.996478271484375000e+02 5.572247695922851562e+01 3.431890869140625000e+02 2.416641082763671875e+02 1.735931549072265625e+02
2.257694244384765625e+02 4.053937988281250000e+02 1.994660644531250000e+02 5.568949508666992188e+01 3.432842102050781250e+02 2.415646362304687500e+02 1.736045837402343750e+02
2.253827819824218750e+02 4.046236267089843750e+02 1.990328521728515625e+02 5.490104293823242188e+01 3.425569458007812500e+02 2.408299865722656250e+02 1.728457336425781250e+02
2.255468292236328125e+02 4.045491638183593750e+02 1.988408813476562500e+02 5.479815673828125000e+01 3.425616760253906250e+02 2.406717987060546875e+02 1.727710876464843750e+02
2.253481292724609375e+02 4.037669067382812500e+02 1.982800445556640625e+02 5.396642303466796875e+01 3.418768920898437500e+02 2.398269195556640625e+02 1.719592742919921875e+02
2.256566162109375000e+02 4.045420532226562500e+02 1.987607116699218750e+02 5.477024078369140625e+01 3.425856933593750000e+02 2.406018676757812500e+02 1.727351074218750000e+02
2.258847961425781250e+02 4.046510925292968750e+02 1.986637573242187500e+02 5.486415863037109375e+01 3.427738647460937500e+02 2.406415710449218750e+02 1.728831024169921875e+02
2.258510589599609375e+02 4.046495056152343750e+02 1.986678314208984375e+02 5.486423110961914062e+01 3.427634582519531250e+02 2.406503753662109375e+02 1.728889007568359375e+02
2.251362762451171875e+02 4.043022155761718750e+02 1.988619384765625000e+02 5.458991241455078125e+01 3.422484130859375000e+02 2.405776367187500000e+02 1.725931701660156250e+02
2.249194030761718750e+02 4.048511657714843750e+02 1.995932006835937500e+02 5.524082946777343750e+01 3.425850524902343750e+02 2.413532714843750000e+02 1.731588897705078125e+02
2.240251922607421875e+02 4.026087341308593750e+02 1.982486877441406250e+02 5.291766357421875000e+01 3.405152587890625000e+02 2.391129608154296875e+02 1.708820495605468750e+02
2.180014038085937500e+02 4.008024291992187500e+02 2.016561431884765625e+02 5.233028793334960938e+01 3.368997497558593750e+02 2.400340576171875000e+02 1.693975372314453125e+02
2.261303863525390625e+02 4.049502868652343750e+02 1.987783203125000000e+02 5.514092254638671875e+01 3.430668029785156250e+02 2.408491821289062500e+02 1.731044006347656250e+02
2.263324279785156250e+02 4.052980041503906250e+02 1.989386138916015625e+02 5.550478744506835938e+01 3.434235839843750000e+02 2.411915893554687500e+02 1.734948883056640625e+02
2.264112548828125000e+02 4.056515197753906250e+02 1.992050170898437500e+02 5.587609100341796875e+01 3.437225646972656250e+02 2.415682525634765625e+02 1.738415527343750000e+02
2.259857330322265625e+02 4.047587280273437500e+02 1.987179565429687500e+02 5.496159744262695312e+01 3.428755187988281250e+02 2.407087554931640625e+02 1.729423217773437500e+02
2.255379333496093750e+02 4.035911865234375000e+02 1.979214019775390625e+02 5.375802230834960938e+01 3.418475341796875000e+02 2.395573120117187500e+02 1.718518676757812500e+02
2.251062164306640625e+02 4.029741210937500000e+02 1.976377105712890625e+02 5.313052749633789062e+01 3.412123718261718750e+02 2.390020599365234375e+02 1.712279815673828125e+02
2.249302825927734375e+02 4.021352233886718750e+02 1.970553131103515625e+02 5.225034713745117188e+01 3.404935607910156250e+02 2.381065521240234375e+02 1.703744354248046875e+02
2.242045440673828125e+02 4.010142517089843750e+02 1.966265106201171875e+02 5.113206863403320312e+01 3.393487548828125000e+02 2.371164093017578125e+02 1.692328033447265625e+02
2.258409271240234375e+02 3.290910644531250000e+02 1.572590942382812500e+02 3.724893569946289062e+01 2.801990051269531250e+02 1.569386901855468750e+02 9.615589141845703125e+01
2.511638183593750000e+02 3.067174072265625000e+02 1.286779327392578125e+02 7.171748352050781250e+01 2.756135559082031250e+02 1.205480957031250000e+02 9.285978698730468750e+01
2.206809234619140625e+02 3.762784423828125000e+02 1.796985168457031250e+02 2.593899726867675781e+01 3.183221740722656250e+02 2.101381378173828125e+02 1.440507202148437500e+02
2.195664978027343750e+02 3.710716857910156250e+02 1.782704010009765625e+02 2.174440765380859375e+01 3.131903381347656250e+02 2.047184906005859375e+02 1.377474212646484375e+02
2.437874603271484375e+02 3.054443054199218750e+02 1.401948699951171875e+02 6.930210113525390625e+01 2.690561523437500000e+02 1.230685272216796875e+02 8.308666229248046875e+01
2.782487792968750000e+02 2.526311187744140625e+02 1.456242828369140625e+02 1.387916717529296875e+02 2.414741668701171875e+02 5.468547058105468750e+01 8.143261718750000000e+01
2.824862976074218750e+02 2.527333374023437500e+02 1.403383941650390625e+02 1.411354827880859375e+02 2.453028411865234375e+02 5.080544281005859375e+01 8.802722930908203125e+01
3.067779846191406250e+02 2.290619964599609375e+02 1.513129882812500000e+02 1.775682220458984375e+02 2.414133758544921875e+02 1.507809162139892578e+01 1.128559265136718750e+02
3.141221313476562500e+02 2.265298767089843750e+02 1.508665618896484375e+02 1.849758453369140625e+02 2.447326507568359375e+02 6.952397823333740234e+00 1.215343704223632812e+02
3.163735961914062500e+02 2.268095855712890625e+02 1.502751312255859375e+02 1.865235900878906250e+02 2.463827514648437500e+02 4.883517742156982422e+00 1.237425689697265625e+02
3.199591369628906250e+02 2.259527130126953125e+02 1.507854766845703125e+02 1.899818878173828125e+02 2.479728240966796875e+02 2.575481653213500977e+00 1.273797073364257812e+02
3.212510681152343750e+02 2.263078460693359375e+02 1.501487884521484375e+02 1.907391357421875000e+02 2.491396636962890625e+02 3.499135017395019531e+00 1.287569580078125000e+02
2.435010681152343750e+02 1.557573394775390625e+02 3.746093750000000000e+02 3.105271606445312500e+02 1.489116668701171875e+01 2.558492584228515625e+02 2.141373291015625000e+02
2.440999603271484375e+02 1.562602539062500000e+02 3.760489807128906250e+02 3.118413696289062500e+02 1.614122200012207031e+01 2.572858581542968750e+02 2.155126037597656250e+02
2.442290649414062500e+02 1.563850250244140625e+02 3.764053955078125000e+02 3.121710510253906250e+02 1.645216751098632812e+01 2.576567687988281250e+02 2.158729095458984375e+02
2.433261718750000000e+02 1.558875732421875000e+02 3.745015869140625000e+02 3.103424072265625000e+02 1.470848083496093750e+01 2.557525024414062500e+02 2.139472961425781250e+02
2.435931549072265625e+02 1.560666961669921875e+02 3.751465148925781250e+02 3.109580993652343750e+02 1.527639770507812500e+01 2.564179687500000000e+02 2.146161193847656250e+02
2.439752960205078125e+02 1.564608917236328125e+02 3.761452026367187500e+02 3.118583374023437500e+02 1.613778114318847656e+01 2.574279174804687500e+02 2.155665740966796875e+02
2.435106048583984375e+02 1.562153167724609375e+02 3.752080078125000000e+02 3.109538269042968750e+02 1.526294898986816406e+01 2.564985351562500000e+02 2.146240844726562500e+02
2.437084655761718750e+02 1.564962615966796875e+02 3.758583068847656250e+02 3.115275573730468750e+02 1.580013561248779297e+01 2.571726989746093750e+02 2.152475585937500000e+02
2.440033721923828125e+02 1.566811370849609375e+02 3.764528808593750000e+02 3.120758666992187500e+02 1.635120773315429688e+01 2.577450256347656250e+02 2.158025665283203125e+02
2.437865753173828125e+02 1.566761474609375000e+02 3.761697387695312500e+02 3.117762145996093750e+02 1.604448509216308594e+01 2.574860229492187500e+02 2.155077514648437500e+02
2.434621124267578125e+02 1.565314025878906250e+02 3.755592956542968750e+02 3.111803894042968750e+02 1.546063327789306641e+01 2.568907165527343750e+02 2.148962402343750000e+02
2.374059143066406250e+02 1.535517578125000000e+02 3.620434265136718750e+02 2.982986145019531250e+02 7.588643550872802734e+00 2.434218292236328125e+02 2.013415679931640625e+02
2.429426116943359375e+02 1.563089599609375000e+02 3.745654602050781250e+02 3.102186584472656250e+02 1.452366352081298828e+01 2.559176635742187500e+02 2.139010162353515625e+02
2.412450866699218750e+02 1.551059875488281250e+02 3.705636901855468750e+02 3.064913635253906250e+02 1.121884059906005859e+01 2.519107055664062500e+02 2.099800262451171875e+02
2.415843505859375000e+02 1.557225799560546875e+02 3.718985290527343750e+02 3.076197814941406250e+02 1.210697364807128906e+01 2.532911376953125000e+02 2.112039031982421875e+02
2.391505584716796875e+02 1.542245025634765625e+02 3.660387878417968750e+02 3.021385803222656250e+02 8.293360710144042969e+00 2.474134368896484375e+02 2.054041442871093750e+02
2.351231079101562500e+02 1.522821655273437500e+02 3.559311828613281250e+02 2.926707763671875000e+02 1.064177036285400391e+01 2.373449554443359375e+02 1.954329681396484375e+02
2.377838287353515625e+02 1.534194488525390625e+02 3.624724121093750000e+02 2.987908630371093750e+02 7.731030941009521484e+00 2.437938232421875000e+02 2.018205108642578125e+02
2.390639801025390625e+02 1.538331298828125000e+02 3.652362670898437500e+02 3.014607849121093750e+02 8.223213195800781250e+00 2.465185241699218750e+02 2.046123962402343750e+02
2.422245788574218750e+02 1.551449890136718750e+02 3.719870910644531250e+02 3.079514770507812500e+02 1.258278083801269531e+01 2.532059936523437500e+02 2.114178009033203125e+02
2.094780426025390625e+02 1.776469116210937500e+02 2.969009399414062500e+02 2.268427734375000000e+02 7.854546356201171875e+01 1.804944458007812500e+02 1.233174514770507812e+02
2.303588714599609375e+02 1.559909820556640625e+02 3.505228576660156250e+02 2.854729919433593750e+02 1.547662353515625000e+01 2.320697021484375000e+02 1.876093292236328125e+02
2.372109985351562500e+02 1.562529602050781250e+02 3.649326171875000000e+02 3.000116882324218750e+02 6.912671089172363281e+00 2.463660736083984375e+02 2.030798492431640625e+02
2.246490783691406250e+02 1.569857788085937500e+02 3.367180480957031250e+02 2.716826171875000000e+02 2.984002876281738281e+01 2.185217895507812500e+02 1.729517364501953125e+02
2.209244079589843750e+02 1.601305084228515625e+02 3.286575622558593750e+02 2.627024230957031250e+02 3.936704635620117188e+01 2.105802001953125000e+02 1.630774993896484375e+02
2.123456115722656250e+02 1.713647003173828125e+02 3.042981262207031250e+02 2.360287933349609375e+02 6.841320037841796875e+01 1.871942443847656250e+02 1.336784667968750000e+02
2.157345275878906250e+02 1.664620513916015625e+02 3.173572692871093750e+02 2.495097045898437500e+02 5.352973175048828125e+01 1.996699981689453125e+02 1.484556884765625000e+02
2.370544281005859375e+02 1.569507598876953125e+02 3.652758178710937500e+02 3.000067443847656250e+02 7.077090740203857422e+00 2.466453094482421875e+02 2.029817962646484375e+02
2.064994659423828125e+02 1.960086364746093750e+02 2.736214599609375000e+02 1.999828338623046875e+02 1.098076705932617188e+02 1.596768951416015625e+02 9.192345428466796875e+01
2.067798461914062500e+02 1.937173614501953125e+02 2.754074096679687500e+02 2.024288024902343750e+02 1.068632812500000000e+02 1.611002044677734375e+02 9.489261627197265625e+01
2.072918701171875000e+02 1.918935852050781250e+02 2.805579528808593750e+02 2.072080078125000000e+02 1.018563995361328125e+02 1.655173187255859375e+02 9.990122985839843750e+01
2.359053497314453125e+02 1.566997833251953125e+02 3.629911193847656250e+02 2.977386779785156250e+02 6.698821067810058594e+00 2.444001312255859375e+02 2.006109008789062500e+02
2.405424194335937500e+02 1.571476898193359375e+02 3.721098632812500000e+02 3.070721435546875000e+02 1.157182121276855469e+01 2.535978240966796875e+02 2.106881408691406250e+02
2.368280639648437500e+02 1.613529052734375000e+02 3.749421386718750000e+02 3.079100341796875000e+02 1.289939785003662109e+01 2.579942016601562500e+02 2.131588134765625000e+02
9.005771636962890625e+00 3.606080627441406250e+02 3.589042663574218750e+02 2.168484191894531250e+02 2.390392456054687500e+02 3.268884277343750000e+02 2.252718048095703125e+02
6.009276866912841797e+00 3.579104919433593750e+02 3.551904602050781250e+02 2.133820495605468750e+02 2.369645843505859375e+02 3.230097045898437500e+02 2.215441741943359375e+02
3.404899597167968750e+00 3.553580322265625000e+02 3.541860046386718750e+02 2.127433929443359375e+02 2.342115173339843750e+02 3.210316162109375000e+02 2.195811767578125000e+02
1.610708618164062500e+02 2.065853118896484375e+02 3.235165405273437500e+02 2.325287933349609375e+02 7.578112792968750000e+01 2.268034820556640625e+02 1.531825256347656250e+02
2.232966918945312500e+02 1.592215728759765625e+02 3.428830261230468750e+02 2.760964050292968750e+02 2.293940544128417969e+01 2.256843566894531250e+02 1.787323913574218750e+02
2.225049743652343750e+02 1.582884674072265625e+02 3.336329956054687500e+02 2.680100402832031250e+02 3.315913009643554688e+01 2.157420654296875000e+02 1.692445678710937500e+02
2.252492065429687500e+02 1.573392639160156250e+02 3.398322448730468750e+02 2.743127136230468750e+02 2.659589195251464844e+01 2.216479034423828125e+02 1.758101196289062500e+02
2.325706939697265625e+02 1.550976715087890625e+02 3.552479248046875000e+02 2.904968872070312500e+02 1.035190963745117188e+01 2.369131469726562500e+02 1.932391662597656250e+02
2.404019927978515625e+02 1.561946258544921875e+02 3.708009643554687500e+02 3.061237487792968750e+02 1.072436046600341797e+01 2.522575378417968750e+02 2.096891174316406250e+02
2.360101318359375000e+02 1.540221710205078125e+02 3.602659912109375000e+02 2.961856079101562500e+02 7.490117073059082031e+00 2.417236175537109375e+02 1.991591339111328125e+02
2.372888946533203125e+02 1.542494964599609375e+02 3.629148254394531250e+02 2.988079528808593750e+02 7.067824840545654297e+00 2.443348846435546875e+02 2.019138641357421875e+02
2.283613281250000000e+02 1.547756958007812500e+02 3.439902954101562500e+02 2.796252746582031250e+02 2.168861389160156250e+01 2.256327667236328125e+02 1.815285949707031250e+02
2.322112884521484375e+02 1.540201568603515625e+02 3.525178833007812500e+02 2.883295288085937500e+02 1.302339839935302734e+01 2.340817718505859375e+02 1.908578033447265625e+02
2.349945831298828125e+02 1.555473175048828125e+02 3.615218200683593750e+02 2.966684265136718750e+02 5.695025920867919922e+00 2.433591003417968750e+02 2.000247192382812500e+02
2.417822570800781250e+02 1.567734069824218750e+02 3.737019348144531250e+02 3.089808349609375000e+02 1.329401588439941406e+01 2.551801300048828125e+02 2.127265472412109375e+02
2.342230834960937500e+02 1.551977844238281250e+02 3.603172302246093750e+02 2.955581970214843750e+02 5.707315444946289062e+00 2.423648986816406250e+02 1.990937652587890625e+02
2.363653259277343750e+02 1.547046813964843750e+02 3.622999572753906250e+02 2.979119262695312500e+02 6.416445255279541016e+00 2.438985290527343750e+02 2.011328430175781250e+02
2.324717407226562500e+02 1.548327484130859375e+02 3.554942016601562500e+02 2.908603820800781250e+02 9.705985069274902344e+00 2.373725128173828125e+02 1.938787231445312500e+02
3.244339599609375000e+02 2.467091217041015625e+02 1.225853576660156250e+02 1.791169586181640625e+02 2.695160827636718750e+02 3.004824638366699219e+01 1.368377685546875000e+02
3.226817626953125000e+02 2.323097229003906250e+02 1.417701721191406250e+02 1.875401458740234375e+02 2.556143035888671875e+02 1.116280269622802734e+01 1.314162597656250000e+02
3.235346374511718750e+02 2.319707336425781250e+02 1.421898040771484375e+02 1.884898376464843750e+02 2.558285675048828125e+02 1.107637882232666016e+01 1.321898498535156250e+02
3.219014282226562500e+02 2.292129364013671875e+02 1.461051025390625000e+02 1.891411437988281250e+02 2.522585449218750000e+02 6.963697433471679688e+00 1.299589996337890625e+02
3.211853332519531250e+02 2.304984283447265625e+02 1.440977172851562500e+02 1.875796356201171875e+02 2.531078186035156250e+02 8.598360061645507812e+00 1.296855468750000000e+02
3.219708251953125000e+02 2.268897705078125000e+02 1.490593109130859375e+02 1.908634338378906250e+02 2.502328643798828125e+02 4.656919956207275391e+00 1.297339172363281250e+02
3.230076293945312500e+02 2.267560272216796875e+02 1.494776458740234375e+02 1.918465576171875000e+02 2.506482086181640625e+02 5.232541084289550781e+00 1.305825805664062500e+02
3.228242187500000000e+02 2.273607177734375000e+02 1.487786865234375000e+02 1.912582550048828125e+02 2.510425109863281250e+02 5.444465637207031250e+00 1.304115295410156250e+02
3.219588012695312500e+02 2.285326843261718750e+02 1.476137847900390625e+02 1.897373809814453125e+02 2.514304351806640625e+02 5.746253013610839844e+00 1.295008392333984375e+02
3.219251708984375000e+02 2.275543823242187500e+02 1.487828826904296875e+02 1.904042663574218750e+02 2.505662231445312500e+02 4.822358131408691406e+00 1.293941802978515625e+02
3.207358398437500000e+02 2.271511230468750000e+02 1.491871337890625000e+02 1.897199554443359375e+02 2.495350036621093750e+02 3.941207170486450195e+00 1.282814636230468750e+02
3.145456848144531250e+02 2.294719696044921875e+02 1.480404663085937500e+02 1.831014251708984375e+02 2.472542877197265625e+02 7.984942436218261719e+00 1.215546951293945312e+02
3.169396057128906250e+02 2.324517364501953125e+02 1.436598968505859375e+02 1.827474365234375000e+02 2.515509796142578125e+02 9.919960975646972656e+00 1.245500946044921875e+02
3.158932495117187500e+02 2.316566162109375000e+02 1.445422668457031250e+02 1.824631805419921875e+02 2.502844085693359375e+02 9.568193435668945312e+00 1.235550765991210938e+02
3.164564819335937500e+02 2.311938629150390625e+02 1.446853179931640625e+02 1.831895141601562500e+02 2.503535156250000000e+02 8.967629432678222656e+00 1.242573089599609375e+02
3.192827148437500000e+02 2.258856964111328125e+02 1.502513122558593750e+02 1.893716735839843750e+02 2.477454833984375000e+02 2.939450740814208984e+00 1.270816726684570312e+02
3.177034301757812500e+02 2.305778808593750000e+02 1.452871551513671875e+02 1.845751342773437500e+02 2.505647888183593750e+02 7.695614337921142578e+00 1.253450622558593750e+02
3.161036376953125000e+02 2.277522583007812500e+02 1.479466552734375000e+02 1.854126892089843750e+02 2.475167999267578125e+02 6.498184680938720703e+00 1.242939376831054688e+02
3.193908081054687500e+02 2.291776733398437500e+02 1.464384155273437500e+02 1.869949340820312500e+02 2.505683746337890625e+02 6.107549190521240234e+00 1.272209472656250000e+02
3.189319152832031250e+02 2.281638183593750000e+02 1.479751129150390625e+02 1.873773040771484375e+02 2.492847595214843750e+02 4.695706844329833984e+00 1.264798278808593750e+02
3.084552001953125000e+02 2.435842437744140625e+02 1.345178070068359375e+02 1.672745513916015625e+02 2.549613494873046875e+02 2.508289337158203125e+01 1.155465164184570312e+02
2.514606170654296875e+02 2.595797424316406250e+02 1.708360900878906250e+02 1.228463668823242188e+02 2.260329742431640625e+02 8.636004638671875000e+01 4.638086318969726562e+01
2.381491088867187500e+02 2.679750366210937500e+02 1.812036132812500000e+02 1.136471786499023438e+02 2.236623535156250000e+02 1.041299209594726562e+02 3.248875808715820312e+01
2.326285705566406250e+02 2.579690551757812500e+02 2.025700988769531250e+02 1.304423217773437500e+02 2.057904663085937500e+02 1.111267776489257812e+02 1.675811767578125000e+01
2.327304382324218750e+02 2.573530578613281250e+02 2.020115814208984375e+02 1.305547637939453125e+02 2.055873870849609375e+02 1.103311691284179688e+02 1.715449905395507812e+01
3.062723693847656250e+02 2.268076934814453125e+02 1.540145721435546875e+02 1.790355377197265625e+02 2.390809631347656250e+02 1.531354808807373047e+01 1.123364791870117188e+02
3.056797485351562500e+02 2.262286071777343750e+02 1.543435058593750000e+02 1.790944061279296875e+02 2.384192962646484375e+02 1.601072502136230469e+01 1.122050781250000000e+02
3.173654174804687500e+02 2.286605682373046875e+02 1.484749603271484375e+02 1.858794708251953125e+02 2.483615722656250000e+02 5.274976253509521484e+00 1.243573684692382812e+02
3.252460937500000000e+02 2.278445587158203125e+02 1.491738891601562500e+02 1.931254882812500000e+02 2.526094512939453125e+02 7.654821872711181641e+00 1.323733520507812500e+02
3.254433288574218750e+02 2.280504302978515625e+02 1.489644470214843750e+02 1.931471099853515625e+02 2.528936462402343750e+02 7.938813209533691406e+00 1.325611724853515625e+02
3.252650146484375000e+02 2.281226348876953125e+02 1.490744323730468750e+02 1.929904327392578125e+02 2.527728576660156250e+02 7.767160892486572266e+00 1.322900085449218750e+02
3.245051269531250000e+02 2.278615264892578125e+02 1.490651855468750000e+02 1.924938659667968750e+02 2.522043914794921875e+02 6.951018333435058594e+00 1.316934356689453125e+02
3.244054260253906250e+02 2.276453094482421875e+02 1.490870208740234375e+02 1.925224914550781250e+02 2.520459594726562500e+02 6.799729824066162109e+00 1.317076721191406250e+02
3.245608215332031250e+02 2.276258239746093750e+02 1.491966247558593750e+02 1.926793365478515625e+02 2.520911712646484375e+02 6.925930976867675781e+00 1.318135833740234375e+02
3.246388244628906250e+02 2.276803131103515625e+02 1.491821746826171875e+02 1.927119140625000000e+02 2.521660308837890625e+02 7.019509792327880859e+00 1.318648834228515625e+02
3.243724670410156250e+02 2.274500122070312500e+02 1.492686767578125000e+02 1.926228637695312500e+02 2.518755493164062500e+02 6.690353870391845703e+00 1.316888580322265625e+02
3.237330932617187500e+02 2.273508605957031250e+02 1.492393188476562500e+02 1.921455078125000000e+02 2.514561004638671875e+02 6.081091880798339844e+00 1.311373138427734375e+02
3.234841613769531250e+02 2.269817504882812500e+02 1.493563690185546875e+02 1.921447753906250000e+02 2.511093292236328125e+02 5.763919830322265625e+00 1.310456237792968750e+02
3.228157043457031250e+02 2.268449096679687500e+02 1.493712005615234375e+02 1.916695556640625000e+02 2.506418609619140625e+02 5.174311161041259766e+00 1.304682617187500000e+02
3.231210327148437500e+02 2.268395385742187500e+02 1.492407531738281250e+02 1.919052734375000000e+02 2.508765869140625000e+02 5.496449470520019531e+00 1.308466644287109375e+02
3.194585876464843750e+02 2.250723419189453125e+02 1.506612091064453125e+02 1.898907318115234375e+02 2.473537292480468750e+02 2.490958929061889648e+00 1.274139022827148438e+02
3.156374816894531250e+02 2.288069305419921875e+02 1.488535308837890625e+02 1.844073638916015625e+02 2.472825012207031250e+02 6.501645565032958984e+00 1.224065475463867188e+02
3.227781066894531250e+02 2.266007537841796875e+02 1.496137084960937500e+02 1.917388916015625000e+02 2.504029235839843750e+02 4.946360588073730469e+00 1.303607025146484375e+02
3.231559448242187500e+02 2.252358551025390625e+02 1.494995117187500000e+02 1.925710754394531250e+02 2.500966033935546875e+02 5.663617610931396484e+00 1.314868469238281250e+02
3.245212707519531250e+02 2.235515136718750000e+02 1.496536254882812500e+02 1.945078430175781250e+02 2.502183380126953125e+02 7.998607635498046875e+00 1.337664947509765625e+02
3.208233947753906250e+02 2.286503295898437500e+02 1.424141540527343750e+02 1.874573669433593750e+02 2.526961212158203125e+02 1.034863758087158203e+01 1.310428771972656250e+02
3.217549743652343750e+02 2.291190032958984375e+02 1.449428558349609375e+02 1.886911315917968750e+02 2.525430145263671875e+02 7.836257457733154297e+00 1.303773040771484375e+02
3.077108764648437500e+02 2.607645568847656250e+02 1.123072433471679688e+02 1.538777618408203125e+02 2.705313720703125000e+02 4.655969619750976562e+01 1.217572937011718750e+02
3.186909179687500000e+02 2.426699523925781250e+02 1.293222503662109375e+02 1.765271606445312500e+02 2.621373596191406250e+02 2.343474578857421875e+01 1.290226898193359375e+02
3.218117980957031250e+02 2.296651611328125000e+02 1.445810089111328125e+02 1.884523468017578125e+02 2.529462585449218750e+02 8.201584815979003906e+00 1.303626861572265625e+02
3.214168701171875000e+02 2.312633209228515625e+02 1.430403900146484375e+02 1.870564117431640625e+02 2.539388885498046875e+02 9.553364753723144531e+00 1.299247436523437500e+02
3.205170898437500000e+02 2.284785461425781250e+02 1.464042053222656250e+02 1.883861694335937500e+02 2.510197296142578125e+02 6.325829982757568359e+00 1.288811950683593750e+02
3.225039978027343750e+02 2.269941864013671875e+02 1.484415283203125000e+02 1.910937194824218750e+02 2.508342285156250000e+02 5.425013065338134766e+00 1.304927062988281250e+02
3.177490539550781250e+02 2.403565063476562500e+02 1.328624725341796875e+02 1.774345397949218750e+02 2.593391113281250000e+02 2.015387153625488281e+01 1.272038879394531250e+02
3.214938049316406250e+02 2.262069091796875000e+02 1.497003631591796875e+02 1.909000854492187500e+02 2.494290466308593750e+02 3.935669660568237305e+00 1.293061523437500000e+02
3.208435058593750000e+02 2.262268981933593750e+02 1.498270568847656250e+02 1.903558807373046875e+02 2.489866943359375000e+02 3.443420886993408203e+00 1.285652465820312500e+02
3.227960205078125000e+02 2.265910797119140625e+02 1.494797210693359375e+02 1.917173156738281250e+02 2.504506530761718750e+02 5.017150878906250000e+00 1.304370422363281250e+02
3.220618896484375000e+02 2.267094268798828125e+02 1.492748565673828125e+02 1.910308227539062500e+02 2.501310424804687500e+02 4.553329944610595703e+00 1.297755737304687500e+02
3.234501647949218750e+02 2.265066528320312500e+02 1.497600250244140625e+02 1.923674163818359375e+02 2.507151031494140625e+02 5.506731510162353516e+00 1.309978179931640625e+02
3.226106262207031250e+02 2.262630157470703125e+02 1.499810638427734375e+02 1.918445739746093750e+02 2.500201568603515625e+02 4.643106460571289062e+00 1.302061309814453125e+02
3.222129821777343750e+02 2.263961029052734375e+02 1.497899627685546875e+02 1.914254302978515625e+02 2.499020690917968750e+02 4.396995067596435547e+00 1.298469543457031250e+02
3.214673767089843750e+02 2.263454895019531250e+02 1.499945068359375000e+02 1.908735504150390625e+02 2.493502349853515625e+02 3.734833240509033203e+00 1.290361328125000000e+02
3.215922851562500000e+02 2.261876983642578125e+02 1.501622772216796875e+02 1.911053314208984375e+02 2.493052673339843750e+02 3.760665655136108398e+00 1.291849060058593750e+02
3.219186096191406250e+02 2.262083282470703125e+02 1.500091857910156250e+02 1.913330535888671875e+02 2.495762939453125000e+02 4.084887504577636719e+00 1.295775756835937500e+02
3.212776184082031250e+02 2.262255249023437500e+02 1.499899139404296875e+02 1.908033142089843750e+02 2.492065887451171875e+02 3.677196741104125977e+00 1.289678039550781250e+02
3.216005554199218750e+02 2.262917480468750000e+02 1.499230499267578125e+02 1.910081024169921875e+02 2.494479522705078125e+02 3.893245220184326172e+00 1.292574615478515625e+02
2.234219360351562500e+02 2.627198181152343750e+02 2.117369537353515625e+02 1.292248840332031250e+02 2.026946258544921875e+02 1.232875366210937500e+02 6.906243324279785156e+00
2.232275543212890625e+02 2.629932861328125000e+02 2.121353454589843750e+02 1.292318725585937500e+02 2.026854095458984375e+02 1.237775192260742188e+02 6.862087249755859375e+00
2.231293792724609375e+02 2.632256774902343750e+02 2.120733489990234375e+02 1.289769134521484375e+02 2.028729858398437500e+02 1.239222564697265625e+02 6.740631580352783203e+00
2.231268463134765625e+02 2.634050598144531250e+02 2.121741943359375000e+02 1.289432983398437500e+02 2.029743957519531250e+02 1.240869674682617188e+02 6.804236412048339844e+00
2.232122497558593750e+02 2.634604797363281250e+02 2.124005889892578125e+02 1.291444091796875000e+02 2.029471282958984375e+02 1.242155990600585938e+02 7.009333133697509766e+00
2.232954711914062500e+02 2.632558898925781250e+02 2.122992095947265625e+02 1.292419128417968750e+02 2.028459930419921875e+02 1.240017395019531250e+02 7.022048950195312500e+00
2.232914733886718750e+02 2.632535095214843750e+02 2.121641845703125000e+02 1.291297454833984375e+02 2.029048614501953125e+02 1.239206390380859375e+02 6.954316139221191406e+00
2.233730010986328125e+02 2.631265258789062500e+02 2.120181427001953125e+02 1.291422729492187500e+02 2.028946075439453125e+02 1.237222595214843750e+02 6.964083671569824219e+00
2.235576171875000000e+02 2.627242736816406250e+02 2.118321838378906250e+02 1.293701782226562500e+02 2.027050781250000000e+02 1.232903137207031250e+02 7.081798553466796875e+00
2.235386199951171875e+02 2.627761840820312500e+02 2.119826507568359375e+02 1.294561309814453125e+02 2.026667480468750000e+02 1.234169235229492188e+02 7.126832962036132812e+00
2.236067352294921875e+02 2.625882568359375000e+02 2.118740997314453125e+02 1.295180511474609375e+02 2.025838470458984375e+02 1.232191085815429688e+02 7.150529861450195312e+00
2.236495208740234375e+02 2.624084777832031250e+02 2.118956146240234375e+02 1.296696929931640625e+02 2.024322052001953125e+02 1.231139221191406250e+02 7.209177494049072266e+00
2.236720275878906250e+02 2.612485656738281250e+02 2.119884643554687500e+02 1.304138336181640625e+02 2.014483337402343750e+02 1.225309371948242188e+02 7.417468547821044922e+00
2.237576293945312500e+02 2.613288574218750000e+02 2.116790161132812500e+02 1.302153472900390625e+02 2.016727294921875000e+02 1.223333053588867188e+02 7.413669586181640625e+00
2.236283721923828125e+02 2.608220825195312500e+02 2.118767852783203125e+02 1.305696716308593750e+02 2.011315307617187500e+02 1.222384643554687500e+02 7.469783306121826172e+00
2.190821075439453125e+02 2.480310821533203125e+02 2.206820526123046875e+02 1.412396850585937500e+02 1.855005950927734375e+02 1.238738784790039062e+02 1.784165191650390625e+01
2.093079833984375000e+02 1.890164031982421875e+02 2.750143127441406250e+02 2.046806182861328125e+02 1.045602111816406250e+02 1.597332153320312500e+02 9.751440429687500000e+01
2.227604675292968750e+02 1.577900390625000000e+02 3.290389099121093750e+02 2.642189025878906250e+02 3.834415817260742188e+01 2.106489105224609375e+02 1.646082305908203125e+02
2.355632019042968750e+02 1.527387390136718750e+02 3.571717529296875000e+02 2.937037353515625000e+02 9.838236808776855469e+00 2.384980621337890625e+02 1.964179382324218750e+02
2.098725585937500000e+02 2.044201812744140625e+02 2.567899475097656250e+02 1.845115661621093750e+02 1.288923187255859375e+02 1.443306427001953125e+02 7.336757659912109375e+01
2.213447570800781250e+02 2.545302734375000000e+02 2.164445953369140625e+02 1.360713043212890625e+02 1.933389587402343750e+02 1.229485397338867188e+02 1.143873405456542969e+01
2.227129821777343750e+02 2.585265808105468750e+02 2.136882629394531250e+02 1.326679229736328125e+02 1.982019805908203125e+02 1.225629119873046875e+02 8.371899604797363281e+00
2.233923492431640625e+02 2.602669067382812500e+02 2.124874877929687500e+02 1.312182312011718750e+02 2.003413085937500000e+02 1.224187622070312500e+02 7.678179264068603516e+00
2.231261291503906250e+02 2.598149719238281250e+02 2.131339111328125000e+02 1.317848052978515625e+02 1.996078186035156250e+02 1.227046890258789062e+02 7.861652851104736328e+00
2.208926544189453125e+02 2.662293395996093750e+02 2.083288574218750000e+02 1.231241226196289062e+02 2.062085113525390625e+02 1.244204254150390625e+02 5.691964149475097656e+00
2.148222961425781250e+02 2.788547363281250000e+02 1.996080322265625000e+02 1.048067398071289062e+02 2.184360198974609375e+02 1.306317596435546875e+02 2.125166320800781250e+01
2.211954345703125000e+02 2.657930908203125000e+02 2.089510345458984375e+02 1.240216522216796875e+02 2.056895294189453125e+02 1.243874664306640625e+02 5.438197135925292969e+00
2.224801025390625000e+02 2.636727600097656250e+02 2.106320495605468750e+02 1.272691574096679688e+02 2.036609954833984375e+02 1.235823135375976562e+02 5.726894378662109375e+00
2.228629608154296875e+02 2.632060852050781250e+02 2.114096679687500000e+02 1.283315429687500000e+02 2.030720825195312500e+02 1.236217041015625000e+02 6.227838993072509766e+00
2.226805572509765625e+02 2.641424255371093750e+02 2.120718231201171875e+02 1.281517639160156250e+02 2.034827423095703125e+02 1.246513366699218750e+02 6.447576522827148438e+00
2.228230285644531250e+02 2.641812744140625000e+02 2.123468322753906250e+02 1.284173736572265625e+02 2.034396209716796875e+02 1.247825698852539062e+02 6.731776237487792969e+00
2.225747222900390625e+02 2.647997741699218750e+02 2.124503936767578125e+02 1.279894866943359375e+02 2.038314971923828125e+02 1.253021545410156250e+02 6.745327949523925781e+00
2.228178100585937500e+02 2.643439941406250000e+02 2.119994964599609375e+02 1.280624694824218750e+02 2.037181854248046875e+02 1.246652526855468750e+02 6.597828865051269531e+00
2.228303527832031250e+02 2.642994995117187500e+02 2.109379272460937500e+02 1.273045043945312500e+02 2.041297760009765625e+02 1.239936828613281250e+02 6.221997261047363281e+00
2.234594726562500000e+02 2.629309387207031250e+02 2.113264160156250000e+02 1.287654418945312500e+02 2.030433197021484375e+02 1.231733627319335938e+02 6.764142036437988281e+00
2.232518157958984375e+02 2.628138732910156250e+02 2.085644378662109375e+02 1.266999359130859375e+02 2.040567321777343750e+02 1.215472183227539062e+02 6.526491641998291016e+00
2.235221405029296875e+02 2.595202331542968750e+02 2.099825592041015625e+02 1.297603912353515625e+02 2.008685607910156250e+02 1.204936141967773438e+02 7.499901294708251953e+00
2.233336944580078125e+02 2.623395080566406250e+02 2.064577484130859375e+02 1.255436096191406250e+02 2.045981903076171875e+02 1.200154571533203125e+02 7.712921619415283203e+00
2.238136444091796875e+02 2.596217651367187500e+02 2.073449249267578125e+02 1.280455932617187500e+02 2.021886138916015625e+02 1.188210296630859375e+02 8.526591300964355469e+00
2.240260620117187500e+02 2.610879821777343750e+02 2.085852050781250000e+02 1.282077789306640625e+02 2.029034729003906250e+02 1.202318725585937500e+02 7.580716609954833984e+00
2.238545379638671875e+02 2.599106140136718750e+02 2.086280364990234375e+02 1.287972106933593750e+02 2.018790130615234375e+02 1.197166061401367188e+02 7.878637790679931641e+00
2.239296112060546875e+02 2.619209289550781250e+02 2.110983886718750000e+02 1.295916900634765625e+02 2.024744415283203125e+02 1.222021331787109375e+02 7.398169994354248047e+00
2.239645996093750000e+02 2.623329162597656250e+02 2.114522705078125000e+02 1.296105499267578125e+02 2.026754302978515625e+02 1.226404418945312500e+02 7.450183868408203125e+00
2.237505798339843750e+02 2.630796813964843750e+02 2.121662750244140625e+02 1.295546569824218750e+02 2.029097747802734375e+02 1.236046295166015625e+02 7.469343662261962891e+00
2.237273101806640625e+02 2.633746643066406250e+02 2.124301300048828125e+02 1.295484008789062500e+02 2.030357513427734375e+02 1.239526977539062500e+02 7.588968276977539062e+00
2.236982574462890625e+02 2.636787414550781250e+02 2.126954498291015625e+02 1.295312500000000000e+02 2.031673431396484375e+02 1.243106231689453125e+02 7.751015186309814453e+00
2.237683410644531250e+02 2.628964538574218750e+02 2.120299987792968750e+02 1.295514984130859375e+02 2.028341827392578125e+02 1.234134521484375000e+02 7.411109924316406250e+00
2.237712249755859375e+02 2.628200378417968750e+02 2.120901794433593750e+02 1.296290435791015625e+02 2.027538299560546875e+02 1.234109344482421875e+02 7.427850246429443359e+00
2.236648254394531250e+02 2.628471374511718750e+02 2.121908416748046875e+02 1.296100769042968750e+02 2.027025604248046875e+02 1.235404739379882812e+02 7.348591804504394531e+00
2.238617095947265625e+02 2.620220642089843750e+02 2.115158691406250000e+02 1.297304840087890625e+02 2.023789367675781250e+02 1.225665359497070312e+02 7.351048946380615234e+00
2.238323211669921875e+02 2.621878662109375000e+02 2.116615142822265625e+02 1.297223968505859375e+02 2.024372863769531250e+02 1.227633895874023438e+02 7.340891361236572266e+00
2.239543151855468750e+02 2.618271179199218750e+02 2.114133453369140625e+02 1.298219757080078125e+02 2.022911224365234375e+02 1.223559341430664062e+02 7.437325477600097656e+00
2.241066284179687500e+02 2.609503173828125000e+02 2.106986083984375000e+02 1.299054412841796875e+02 2.019255676269531250e+02 1.213699569702148438e+02 7.659934520721435547e+00
2.241042175292968750e+02 2.606116638183593750e+02 2.109293212890625000e+02 1.302577972412109375e+02 2.015447082519531250e+02 1.213354568481445312e+02 7.775002956390380859e+00
2.241759490966796875e+02 2.571459655761718750e+02 2.107550048828125000e+02 1.321580352783203125e+02 1.988743133544921875e+02 1.193539428710937500e+02 9.709980010986328125e+00
2.240780639648437500e+02 2.567042846679687500e+02 2.108101806640625000e+02 1.323938446044921875e+02 1.984709320068359375e+02 1.192070236206054688e+02 9.982740402221679688e+00
2.169262084960937500e+02 2.326011810302734375e+02 2.262920989990234375e+02 1.520319519042968750e+02 1.701289367675781250e+02 1.230592651367187500e+02 3.350890731811523438e+01
2.125647125244140625e+02 1.755303039550781250e+02 2.857276916503906250e+02 2.193950805664062500e+02 8.794115447998046875e+01 1.688348846435546875e+02 1.150688858032226562e+02
2.277689056396484375e+02 1.520409088134765625e+02 3.367511596679687500e+02 2.741289978027343750e+02 2.894846534729003906e+01 2.183107299804687500e+02 1.757638702392578125e+02
2.236709289550781250e+02 2.624723510742187500e+02 2.116361846923828125e+02 1.294360046386718750e+02 2.026272888183593750e+02 1.229783706665039062e+02 7.139387130737304688e+00
2.236577911376953125e+02 2.623336791992187500e+02 2.114643249511718750e+02 1.293804168701171875e+02 2.025819702148437500e+02 1.228025588989257812e+02 7.076712131500244141e+00
2.236174468994140625e+02 2.625616455078125000e+02 2.117207641601562500e+02 1.294159545898437500e+02 2.026398773193359375e+02 1.231054458618164062e+02 7.104523658752441406e+00
2.236282196044921875e+02 2.625925292968750000e+02 2.117124023437500000e+02 1.293955383300781250e+02 2.026626434326171875e+02 1.231173095703125000e+02 7.103196144104003906e+00
2.236217346191406250e+02 2.625380249023437500e+02 2.116968994140625000e+02 1.294105682373046875e+02 2.026296997070312500e+02 1.230777511596679688e+02 7.096506595611572266e+00
2.235343017578125000e+02 2.627873229980468750e+02 2.118560485839843750e+02 1.293167266845703125e+02 2.027311706542968750e+02 1.233640441894531250e+02 7.048461914062500000e+00
2.234290771484375000e+02 2.630274963378906250e+02 2.119688415527343750e+02 1.291752319335937500e+02 2.028448181152343750e+02 1.236274032592773438e+02 6.981351852416992188e+00
2.235956726074218750e+02 2.626013183593750000e+02 2.115756988525390625e+02 1.292451477050781250e+02 2.027294921875000000e+02 1.230600891113281250e+02 7.010043621063232422e+00
2.235711517333984375e+02 2.625710754394531250e+02 2.113659820556640625e+02 1.290885620117187500e+02 2.027854614257812500e+02 1.229279327392578125e+02 6.914468765258789062e+00
2.238140716552734375e+02 2.621767272949218750e+02 2.111125030517578125e+02 1.292921447753906250e+02 2.026485900878906250e+02 1.224367599487304688e+02 7.134143352508544922e+00
2.239639587402343750e+02 2.618608093261718750e+02 2.107667388916015625e+02 1.293268127441406250e+02 2.025840454101562500e+02 1.219788360595703125e+02 7.271747112274169922e+00
2.237068328857421875e+02 2.624781494140625000e+02 2.110648498535156250e+02 1.290113525390625000e+02 2.028805694580078125e+02 1.226262512207031250e+02 6.985132694244384766e+00
2.237370147705078125e+02 2.625454406738281250e+02 2.113879089355468750e+02 1.292370910644531250e+02 2.027993774414062500e+02 1.228455581665039062e+02 7.102977752685546875e+00
2.238490600585937500e+02 2.621385803222656250e+02 2.110624389648437500e+02 1.293070526123046875e+02 2.026445007324218750e+02 1.223653869628906250e+02 7.166134357452392578e+00
2.238001098632812500e+02 2.622984008789062500e+02 2.113315734863281250e+02 1.293903198242187500e+02 2.026397399902343750e+02 1.226393585205078125e+02 7.175436973571777344e+00
2.237705688476562500e+02 2.622414245605468750e+02 2.112741851806640625e+02 1.293589019775390625e+02 2.026053924560546875e+02 1.225917053222656250e+02 7.127067089080810547e+00
2.231504516601562500e+02 2.635395202636718750e+02 2.119155731201171875e+02 1.286791992187500000e+02 2.031934661865234375e+02 1.240057678222656250e+02 6.724877357482910156e+00
2.233903961181640625e+02 2.629030151367187500e+02 2.116059265136718750e+02 1.289725036621093750e+02 2.028775024414062500e+02 1.233495254516601562e+02 6.797344207763671875e+00
2.234565582275390625e+02 2.627067565917968750e+02 2.120463867187500000e+02 1.294629516601562500e+02 2.025426635742187500e+02 1.234791259765625000e+02 7.035941123962402344e+00
2.235592193603515625e+02 2.628937683105468750e+02 2.118186187744140625e+02 1.292630920410156250e+02 2.028322143554687500e+02 1.233849639892578125e+02 7.071323871612548828e+00
2.236136016845703125e+02 2.629438171386718750e+02 2.119692230224609375e+02 1.293838958740234375e+02 2.028196868896484375e+02 1.234828033447265625e+02 7.190398693084716797e+00
2.236289367675781250e+02 2.630310668945312500e+02 2.119759826660156250e+02 1.293533172607421875e+02 2.028980712890625000e+02 1.235245056152343750e+02 7.220781803131103516e+00
2.236945495605468750e+02 2.630067749023437500e+02 2.118560180664062500e+02 1.293107757568359375e+02 2.029524536132812500e+02 1.234118576049804688e+02 7.235167503356933594e+00
2.236761779785156250e+02 2.630860900878906250e+02 2.118204040527343750e+02 1.292215728759765625e+02 2.030289154052734375e+02 1.234443054199218750e+02 7.201752185821533203e+00
2.235774383544921875e+02 2.630404357910156250e+02 2.118973388671875000e+02 1.292450408935546875e+02 2.029284667968750000e+02 1.235110321044921875e+02 7.125460624694824219e+00
2.237274322509765625e+02 2.626873168945312500e+02 2.112893524169921875e+02 1.290881347656250000e+02 2.029555664062500000e+02 1.228704071044921875e+02 7.073507308959960938e+00
2.230225524902343750e+02 2.634212646484375000e+02 2.121699981689453125e+02 1.288794250488281250e+02 2.029757232666015625e+02 1.241255569458007812e+02 6.710685253143310547e+00
2.232749023437500000e+02 2.628363952636718750e+02 2.120125274658203125e+02 1.292856903076171875e+02 2.026422424316406250e+02 1.235730285644531250e+02 6.888844490051269531e+00
2.233430023193359375e+02 2.626732482910156250e+02 2.119331817626953125e+02 1.293546752929687500e+02 2.025682373046875000e+02 1.234043960571289062e+02 6.922792911529541016e+00
2.232923736572265625e+02 2.630847167968750000e+02 2.122974243164062500e+02 1.293511505126953125e+02 2.027213897705078125e+02 1.238867416381835938e+02 7.027107715606689453e+00
2.232462615966796875e+02 2.629695434570312500e+02 2.122941589355468750e+02 1.293940277099609375e+02 2.026238403320312500e+02 1.238363418579101562e+02 6.976281166076660156e+00
2.234810791015625000e+02 2.625162963867187500e+02 2.118001251220703125e+02 1.294498748779296875e+02 2.025349578857421875e+02 1.231684188842773438e+02 7.035467624664306641e+00
2.235070037841796875e+02 2.623976135253906250e+02 2.116994934082031250e+02 1.294499969482421875e+02 2.024905700683593750e+02 1.230326843261718750e+02 7.022556304931640625e+00
2.233819732666015625e+02 2.627673950195312500e+02 2.121509094238281250e+02 1.294832916259765625e+02 2.025610198974609375e+02 1.235787734985351562e+02 7.044417381286621094e+00
2.234031219482421875e+02 2.627763366699218750e+02 2.120683746337890625e+02 1.294395599365234375e+02 2.026037445068359375e+02 1.235200424194335938e+02 7.036639213562011719e+00
2.234394683837890625e+02 2.627595214843750000e+02 2.120719299316406250e+02 1.294674224853515625e+02 2.025966186523437500e+02 1.235005416870117188e+02 7.066911697387695312e+00
2.234603729248046875e+02 2.628558959960937500e+02 2.121402282714843750e+02 1.294922943115234375e+02 2.026479187011718750e+02 1.235798950195312500e+02 7.134105205535888672e+00
2.235458984375000000e+02 2.628592529296875000e+02 2.120575561523437500e+02 1.294885406494140625e+02 2.027118835449218750e+02 1.234909820556640625e+02 7.198138713836669922e+00
2.237432403564453125e+02 2.626335144042968750e+02 2.116869964599609375e+02 1.294819335937500000e+02 2.027451629638671875e+02 1.230446777343750000e+02 7.277867794036865234e+00
2.236689300537109375e+02 2.629663085937500000e+02 2.120296020507812500e+02 1.294851837158203125e+02 2.028475799560546875e+02 1.234816741943359375e+02 7.322066783905029297e+00
2.236735382080078125e+02 2.630979309082031250e+02 2.120714263916015625e+02 1.294533843994140625e+02 2.029278564453125000e+02 1.235800704956054688e+02 7.349908351898193359e+00
2.236074981689453125e+02 2.628172912597656250e+02 2.119258575439453125e+02 1.294636230468750000e+02 2.027436828613281250e+02 1.233585891723632812e+02 7.216251373291015625e+00
2.235556793212890625e+02 2.628112182617187500e+02 2.118780670166015625e+02 1.294111328125000000e+02 2.027386627197265625e+02 1.233454589843750000e+02 7.151463985443115234e+00
2.236577758789062500e+02 2.628374328613281250e+02 2.118249206542968750e+02 1.294190673828125000e+02 2.028143005371093750e+02 1.232841873168945312e+02 7.235384464263916016e+00
2.235924072265625000e+02 2.630983276367187500e+02 2.121008605957031250e+02 1.294362030029296875e+02 2.028857269287109375e+02 1.236299057006835938e+02 7.289798259735107422e+00
2.236533508300781250e+02 2.626649475097656250e+02 2.117823333740234375e+02 1.295051574707031250e+02 2.026848144531250000e+02 1.231540145874023438e+02 7.238392353057861328e+00
2.238044128417968750e+02 2.626602478027343750e+02 2.117095336914062500e+02 1.295432891845703125e+02 2.027610168457031250e+02 1.230445785522460938e+02 7.365076065063476562e+00
2.236423645019531250e+02 2.622591857910156250e+02 2.114573822021484375e+02 1.295208587646484375e+02 2.024751892089843750e+02 1.227265548706054688e+02 7.171836853027343750e+00
2.238497009277343750e+02 2.607041320800781250e+02 2.106409454345703125e+02 1.299960174560546875e+02 2.016280364990234375e+02 1.212620391845703125e+02 7.692281246185302734e+00
2.172272949218750000e+02 2.460676727294921875e+02 2.222671661376953125e+02 1.425799865722656250e+02 1.825971832275390625e+02 1.249131698608398438e+02 2.013976097106933594e+01
